stereoParams_stereo.TranslationOfCamera2

ans =

 -119.7292   -0.1235    1.4975



stereoParams_stereo.RotationOfCamera2  

ans =

    0.9999    0.0028   -0.0127
   -0.0027    1.0000    0.0071
    0.0127   -0.0071    0.9999


 0.999944   0.00308552   -0.0100834      0.11841
 -0.00298917      0.99995   0.00955707  -0.00144607
   0.0101124  -0.00952639     0.999903 -0.000659438
           0            0            0            1
